% -------------------------------------------------------------------
%  Generated by MATLAB on 6-Nov-2016 20:43:22
%  MATLAB version: 9.0.0.341360 (R2016a)
% -------------------------------------------------------------------
                                      

n = [2 4 6 8 10 12 14];

s = [0 1 2 3 2 1 0];

