% -------------------------------------------------------------------
%  Generated by MATLAB on 6-Nov-2016 20:23:57
%  MATLAB version: 9.0.0.341360 (R2016a)
% -------------------------------------------------------------------
                                       

F = 50;

P = 314.15926535897933;

a = 2;

ans = 21;

b = [-1; -1; -1; -1; -1; -1; -1; -1; -1; -1; -1; -1; -1; -1; -1; -1; -1; ...
     -1; -1; -1; -1];

m = [-5 -4 -3 -2 -1 0 1 2 3 4 5 6 7 8 9 10 11 12 13 14 15];

n = [0 1 2 3 4 5 6 7 8 9 10 11 12 13 14 15 16 17 18 19 20];

q = -5 + 12i;

s = [0 2.4492935982947064E-16 -4.8985871965894128E-16 7.3478807948841188E-16 ...
     -9.7971743931788257E-16 -2.3280668796531479E-15 -1.4695761589768238E-15 ...
     -5.3909218387947074E-15 -1.9594348786357651E-15 2.2043642384652358E-15 ...
     4.6561337593062957E-15 -4.4112043994768247E-15 1.1271702397248355E-14 ...
     -3.9213456798178833E-15 1.0781843677589415E-14 -1.7642341675360945E-14 ...
     -3.91886975727153E-15 -2.9416282405000009E-15 9.8021262382715321E-15 ...
     -2.45176952084106E-15 9.3122675186125915E-15];

t = [10 9 8 7 6 5 4 3 2 1 0 1 2 3 4 5 6 7 8 9 10];

u = logical([0 0 1 0 0]);

v = [0.5376671395461 1.8338850145950865 -2.2588468610036481 0.86217332036812055 ...
     0.31876523985898081];

x = -5 + 12i;

z = [0 0 0 0 0 1 0 0 0 0 0 0 0 0 0 0 0 0 0 0 0];

